895 295
892 295
892 294
893 293
893 292
890 291
892 290
890 289
889 288
889 287
887 286
886 285
887 284
887 283
884 282
883 281
882 280
881 279
881 278
881 277
880 276
880 275
880 274
881 273
881 272
880 271
881 270
881 269
880 268
880 267
880 266
877 265
874 264
870 263
870 263
869 263
868 264
867 264
866 265
865 266
864 266
863 266
862 266
861 267
860 267
859 268
858 267
857 264
856 261
855 260
854 259
853 259
852 259
851 259
850 256
849 255
848 255
847 254
846 254
845 254
844 254
843 254
842 255
842 252
842 252
841 251
838 250
837 249
836 248
834 247
833 246
832 245
831 244
831 243
831 242
831 241
830 240
831 239
831 238
831 237
831 236
831 235
832 234
833 233
832 232
832 231
830 230
827 229
826 228
826 227
825 226
825 225
825 224
825 223
825 222
825 221
825 220
825 219
825 218
825 217
825 216
825 215
825 214
825 213
825 212
825 211
825 210
825 209
826 208
826 207
825 206
825 205
822 204
819 203
819 202
818 201
817 200
815 199
814 198
814 197
813 196
811 195
808 194
806 193
804 192
