71 147
71 147
71 146
72 145
71 144
71 143
71 142
70 141
70 140
70 139
71 138
71 137
71 136
71 135
71 134
71 133
71 132
72 131
72 130
72 129
72 128
72 127
71 126
72 125
73 124
72 123
71 122
71 121
71 120
70 119
70 118
70 117
71 116
71 115
72 114
72 113
73 112
75 111
76 110
77 109
78 108
80 107
82 106
81 105
81 105
82 106
83 107
85 108
86 109
87 110
87 111
88 112
89 113
89 114
90 115
91 116
91 117
92 118
92 119
93 120
93 121
94 122
94 123
95 124
96 125
96 126
97 127
96 128
97 129
97 130
98 131
98 132
99 133
100 134
101 135
102 136
102 137
103 138
103 139
103 140
104 141
104 142
105 143
106 144
107 145
107 146
108 147
108 148
109 149
110 150
110 151
110 152
111 153
112 154
112 155
112 156
112 157
112 158
111 159
111 160
112 161
113 162
114 163
114 164
115 165
115 166
115 167
115 168
115 169
115 170
115 171
115 172
115 173
115 174
116 175
116 176
116 177
116 178
118 179
117 180
118 181
118 182
118 183
118 184
118 185
117 186
117 187
117 188
116 189
116 190
116 191
116 192
115 193
115 194
115 195
116 196
116 197
118 198
118 199
120 200
121 201
123 202
124 203
124 204
125 205
125 206
126 207
127 208
128 209
129 210
131 211
131 212
132 213
132 214
133 215
134 216
134 217
134 218
135 219
135 220
135 221
135 222
135 223
135 224
135 225
136 226
136 227
136 228
136 229
137 230
137 231
137 232
137 233
137 234
138 235
138 236
138 237
139 238
139 239
