690 332
690 334
689 334
688 333
687 334
686 335
685 335
684 336
683 336
682 337
681 338
680 338
679 339
678 339
677 340
676 341
675 341
674 341
673 342
672 342
671 343
670 344
669 345
668 345
667 345
666 345
665 346
664 346
663 346
662 346
661 346
660 346
659 347
658 347
657 347
656 347
655 345
654 345
654 345
654 344
653 343
652 342
651 341
650 340
650 339
650 338
649 337
649 336
649 335
650 334
650 333
650 332
650 331
651 330
651 329
651 328
651 327
651 326
651 325
651 324
651 323
650 322
650 321
650 320
651 319
650 318
650 317
650 316
650 315
649 314
650 313
650 312
651 311
651 310
652 309
652 308
651 307
650 306
649 305
649 304
648 303
648 303
647 302
646 301
645 300
644 300
643 300
642 300
641 300
640 300
639 300
638 300
637 301
636 300
635 299
634 299
633 300
632 300
631 299
630 300
629 301
628 302
627 302
626 303
625 304
624 304
623 305
622 305
621 304
620 303
619 302
618 301
617 300
616 298
615 298
614 297
613 296
612 295
611 292
610 289
609 287
