71 147
71 147
71 146
72 145
71 144
71 143
71 142
70 141
70 140
70 139
71 138
71 137
71 136
71 135
71 134
71 133
71 132
72 131
72 130
72 129
72 128
72 127
71 126
72 125
73 124
72 123
71 122
71 121
71 120
70 119
70 118
70 117
71 116
71 115
72 114
72 113
73 112
75 111
76 110
77 109
78 108
80 107
82 106
81 105
81 105
82 106
83 107
85 108
86 109
87 110
87 111
88 112
89 113
89 114
90 115
91 116
91 117
92 118
92 119
93 120
93 121
94 122
94 123
95 124
96 125
96 126
97 127
96 128
97 129
97 130
98 131
98 132
99 133
100 134
101 135
102 136
102 137
103 138
103 139
103 140
104 141
104 142
105 143
106 144
107 145
107 146
108 147
108 148
109 149
110 150
110 151
110 152
111 153
112 154
112 155
112 156
112 157
112 158
111 159
111 160
112 161
113 162
114 163
114 164
115 165
115 166
115 167
115 168
115 169
115 170
115 171
115 172
115 173
115 174
116 175
116 176
116 177
116 178
118 179
117 180
118 181
118 182
118 183
118 184
118 185
117 186
117 187
117 188
116 189
116 190
116 191
116 192
115 193
115 194
115 195
116 196
116 197
118 198
118 199
120 200
121 201
123 202
124 203
124 204
125 205
125 206
126 207
127 208
128 209
129 210
131 211
131 212
132 213
132 214
133 215
134 216
134 217
134 218
135 219
135 220
135 221
135 222
135 223
135 224
135 225
136 226
136 227
136 228
136 229
137 230
137 231
137 232
137 233
137 234
138 235
138 236
138 237
139 238
139 239
139 240
140 241
140 242
140 243
140 244
140 245
141 245
142 245
143 245
144 245
145 245
146 245
147 245
148 245
149 245
150 245
151 245
152 245
152 246
153 246
154 246
155 246
155 247
156 247
157 247
157 248
159 248
159 249
160 249
160 250
161 250
162 250
163 250
164 250
164 251
164 252
164 253
164 254
165 254
166 254
167 254
168 254
168 255
168 256
168 257
169 257
169 258
170 258
170 259
171 259
172 259
172 260
173 260
174 260
175 260
176 260
176 261
176 262
177 262
177 263
178 263
179 263
180 263
181 263
181 264
182 264
183 264
184 264
185 264
186 264
187 264
188 264
189 264
190 264
191 264
192 264
192 263
193 263
194 263
195 263
196 263
197 263
197 262
198 262
199 262
200 262
201 262
201 263
202 263
203 263
203 262
203 261
203 260
204 260
204 259
205 259
205 258
206 258
207 258
208 258
208 259
209 259
210 259
210 260
211 260
211 261
212 261
213 261
213 260
214 260
214 259
215 259
216 259
216 258
216 257
217 257
217 256
218 256
218 255
218 254
219 254
219 253
220 253
221 253
221 252
222 252
222 253
223 253
224 253
224 252
224 251
225 251
225 250
226 250
226 249
226 248
226 247
226 246
227 246
227 245
227 244
227 243
227 242
228 242
228 241
228 240
228 239
229 239
229 238
230 238
231 238
231 237
232 237
232 236
233 236
234 236
235 236
236 236
236 235
236 234
237 234
238 234
238 233
238 232
239 232
239 231
240 231
240 230
240 229
240 228
241 228
241 227
242 227
242 226
243 226
244 226
244 225
245 225
245 224
246 224
247 224