348 254
349 253
350 251
351 249
352 249
353 249
354 249
355 249
356 248
357 248
358 248
359 248
360 248
361 247
362 245
363 246
364 246
365 246
366 247
367 247
367 245
364 244
364 243
364 242
363 241
363 240
363 239
363 238
363 237
363 236
363 235
363 234
363 233
363 232
363 231
363 230
362 229
362 228
362 227
362 226
363 225
363 224
363 223
364 222
364 221
363 220
363 219
363 218
363 217
363 216
364 215
364 214
364 213
361 212
361 212
361 212
360 210
359 209
358 209
357 208
356 207
355 207
354 206
353 205
352 205
351 205
350 204
349 204
348 204
347 203
346 202
345 201
344 201
343 200
342 199
342 199
342 199
341 198
339 197
338 196
338 195
337 194
336 193
337 192
337 191
337 190
337 189
338 188
337 187
337 187
337 187
336 186
335 186
334 186
333 186
332 186
331 185
330 184
329 183
