776 310
776 310
774 309
775 308
774 307
773 306
772 305
772 304
772 303
772 302
771 301
770 300
772 299
771 298
771 297
772 296
772 295
772 294
772 293
771 292
772 291
771 290
771 289
771 288
772 287
772 286
772 285
773 284
773 283
773 282
773 281
773 280
773 279
773 278
772 277
772 276
772 275
773 274
772 273
772 272
772 271
773 270
773 269
773 268
774 267
774 266
775 265
775 264
776 263
776 262
777 261
778 260
779 259
779 258
778 257
779 256
778 255
778 254
777 253
777 252
776 251
775 250
774 249
773 248
773 247
772 246
771 245
771 244
770 243
770 242
770 241
770 240
770 239
770 238
770 237
770 236
770 235
770 234
771 233
771 232
771 231
770 230
769 229
769 228
769 227
766 226
767 225
768 224
768 223
768 222
768 221
769 220
769 219
769 218
769 217
769 216
769 215
770 214
771 213
773 212
775 211
776 210
776 209
777 208
778 207
779 206
779 205
779 204
778 203
778 202
777 201
777 200
777 199
777 198
776 197
776 196
776 195
775 194
775 193
775 192
